metrics for 
parameterization energies (difference between j.inv and the closest cheby jacobian) are
0.440602, 0.440602, 0.155019, 0.0694867, 0.0321506, 0.016323, 0.0091666, 0.00571794, 0.00395643, 0.00300467, 0.00245998, 0.00212858, 0.00191338, 0.00176407, 0.0016537, 0.00156744, 0.00149687, 0.00143702, 0.00138492, 0.00133882, 0.00129736, 0.0012595, 0.00122476, 0.00119272, 0.00116314, 0.00113557, 0.00110992, 0.00108589, 0.00106347, 0.00104239, 0.00102272, 0.00100415, 0.000986664, 0.000970113, 0.000954659, 0.000940002, 0.000926139, 0.000912977, 0.00090057, 0.000888782, 0.000877647, 0.000866595, 0.000856085, 0.000846163, 0.000836563, 0.000827408, 0.000818749, 0.000810466, 0.000802541, 0.000794966, 0.000787814, 0.000780955, 0.000774371, 0.000768063, 0.000762107, 0.000756381, 0.000750872, 0.000745586, 0.00074067, 0.000735931, 0.00073133, 0.000726891, 0.00072262, 0.000718519, 0.000714737, 0.00071106, 
flattening energies (our defined local-global energy) are
0.541802, 0.154711, 0.0667694, 0.0308077, 0.0154478, 0.00849301, 0.00515674, 0.0034698, 0.00257228, 0.00206867, 0.00176896, 0.00157847, 0.00144859, 0.00135366, 0.00127981, 0.00121934, 0.00116784, 0.00112273, 0.00108243, 0.00104599, 0.00101268, 0.000982076, 0.00095383, 0.000927504, 0.000903068, 0.000880193, 0.000858868, 0.000838825, 0.000820065, 0.000802275, 0.000785643, 0.000769938, 0.000755182, 0.000741163, 0.000727999, 0.000715522, 0.000703771, 0.000692613, 0.000682088, 0.00067206, 0.000662372, 0.000653201, 0.00064444, 0.000636073, 0.000628117, 0.000620499, 0.000613255, 0.000606353, 0.000599764, 0.000593439, 0.000587416, 0.000581667, 0.000576169, 0.000570882, 0.000565841, 0.000561024, 0.000556473, 0.000551992, 0.000547731, 0.000543658, 0.000539759, 0.000536026, 0.000532449, 0.000528981, 0.000525731, 
per face cheby distortion: (cheby distortion which is inverse-normalized inverse)
1.93448e-05
2.33267e-05
2.08703e-05
9.65589e-05
7.38526e-05
5.17241e-05
1.89404e-05
0.000180214
9.69814e-05
8.42845e-05
0.000123618
1.93837e-05
0.000152086
7.00489e-05
0.000144767
0.000383859
5.6142e-05
3.65064e-05
3.79765e-05
5.77383e-06
4.93457e-05
6.7427e-05
7.97436e-06
2.03835e-05
6.86192e-06
2.83532e-06
2.02829e-05
3.77026e-06
6.22769e-06
1.3344e-05
4.40862e-05
3.87233e-05
0.000442603
3.54264e-05
0.00113546
3.8219e-05
9.53968e-05
7.52897e-05
3.28333e-05
0.00032597
2.83503e-05
3.09192e-05
0.000297509
2.19819e-06
9.76174e-05
0.000330683
2.89394e-05
8.12725e-05
0.000409533
7.73919e-05
0.000138298
0.000153139
0.000190498
3.01292e-05
2.0975e-05
5.23269e-05
9.52965e-05
1.85388e-05
0.000107735
8.54051e-05
9.4413e-05
1.54834e-05
2.09465e-05
1.97493e-05
1.97493e-05
1.54835e-05
2.09465e-05
9.4413e-05
5.23269e-05
3.01293e-05
2.0975e-05
0.000190498
9.52965e-05
8.5405e-05
0.000107735
1.85388e-05
0.000153139
7.73918e-05
0.000138298
0.000409533
3.87234e-05
1.3344e-05
4.40862e-05
6.22768e-06
2.03835e-05
6.7427e-05
7.97439e-06
4.93456e-05
6.86192e-06
3.77026e-06
2.0283e-05
2.83533e-06
5.77386e-06
3.65064e-05
3.79765e-05
5.61419e-05
0.000442603
3.82189e-05
0.00113546
3.54264e-05
9.76174e-05
8.12725e-05
2.89393e-05
0.000330683
3.09193e-05
2.83503e-05
0.000297509
2.19819e-06
9.53967e-05
0.00032597
3.28333e-05
7.52897e-05
0.000383859
7.0049e-05
0.000144767
0.000152086
0.000180214
5.17241e-05
1.89405e-05
7.38525e-05
9.69814e-05
1.93837e-05
0.000123618
8.42846e-05
9.65589e-05
2.33267e-05
2.08703e-05
1.93448e-05
1.93448e-05
2.33267e-05
2.08703e-05
9.65589e-05
7.38526e-05
5.17241e-05
1.89405e-05
0.000180214
9.69814e-05
8.42846e-05
0.000123619
1.93837e-05
0.000152086
7.00488e-05
0.000144767
0.000383859
5.6142e-05
3.65064e-05
3.79765e-05
5.77386e-06
4.93457e-05
6.7427e-05
7.97442e-06
2.03835e-05
6.86192e-06
2.83533e-06
2.0283e-05
3.77026e-06
6.22771e-06
1.3344e-05
4.40863e-05
3.87234e-05
0.000442603
3.54264e-05
0.00113546
3.82189e-05
9.53968e-05
7.52897e-05
3.28333e-05
0.00032597
2.83503e-05
3.09193e-05
0.000297509
2.19818e-06
9.76174e-05
0.000330683
2.89394e-05
8.12725e-05
0.000409533
7.73919e-05
0.000138298
0.000153139
0.000190498
3.01293e-05
2.0975e-05
5.23269e-05
9.52964e-05
1.85387e-05
0.000107734
8.54051e-05
9.4413e-05
1.54834e-05
2.09464e-05
1.97493e-05
1.97493e-05
1.54834e-05
2.09464e-05
9.4413e-05
5.23269e-05
3.01292e-05
2.0975e-05
0.000190498
9.52964e-05
8.54051e-05
0.000107734
1.85387e-05
0.000153139
7.7392e-05
0.000138298
0.000409533
3.87233e-05
1.3344e-05
4.40862e-05
6.22771e-06
2.03835e-05
6.7427e-05
7.97439e-06
4.93457e-05
6.86192e-06
3.77026e-06
2.0283e-05
2.83533e-06
5.77383e-06
3.65064e-05
3.79765e-05
5.6142e-05
0.000442603
3.8219e-05
0.00113546
3.54264e-05
9.76174e-05
8.12725e-05
2.89394e-05
0.000330683
3.09193e-05
2.83503e-05
0.000297509
2.19818e-06
9.53968e-05
0.00032597
3.28333e-05
7.52897e-05
0.000383859
7.00488e-05
0.000144767
0.000152086
0.000180214
5.17241e-05
1.89404e-05
7.38526e-05
9.69814e-05
1.93838e-05
0.000123619
8.42845e-05
9.6559e-05
2.33268e-05
2.08703e-05
1.93448e-05
max cheby distortion: 0.00113546
min cheby distortion: 2.19818e-06
avg (energy divided by area) cheby distortion: 0.00011403
energy cheby distortion: 0.000707452
per face shearing
0.172928
0.15604
0.170805
0.479057
0.141415
0.118504
0.128341
0.354639
0.447372
0.157985
0.427427
0.382818
0.742034
0.63796
0.653173
0.858554
0.0866281
0.0616035
0.0721743
0.173184
0.0343768
0.00960776
0.0168127
0.0313373
0.109654
0.0439244
0.100593
0.0386214
0.173293
0.0557299
0.0648643
0.0784987
0.628765
0.480873
0.667081
0.479504
0.278662
0.094528
0.263658
0.195653
0.483025
0.484077
0.348067
0.329431
0.277541
0.195631
0.262924
0.0848111
0.862707
0.639786
0.65554
0.739514
0.354773
0.107399
0.117658
0.128431
0.444431
0.383975
0.425263
0.144862
0.476855
0.1418
0.156257
0.158289
0.158289
0.1418
0.156258
0.476855
0.128431
0.107399
0.117659
0.354773
0.444432
0.144862
0.425263
0.383975
0.739514
0.639786
0.65554
0.862707
0.0784988
0.05573
0.0648644
0.173293
0.0313374
0.00960783
0.0168128
0.0343768
0.109654
0.0386215
0.100593
0.0439244
0.173184
0.0616035
0.0721743
0.086628
0.628765
0.479504
0.667081
0.480873
0.277541
0.0848112
0.262924
0.195631
0.484077
0.483025
0.348067
0.329431
0.278662
0.195653
0.263658
0.094528
0.858554
0.63796
0.653173
0.742034
0.354639
0.118504
0.128341
0.141415
0.447372
0.382818
0.427427
0.157985
0.479057
0.15604
0.170805
0.172928
0.172928
0.15604
0.170805
0.479057
0.141415
0.118504
0.128341
0.354639
0.447372
0.157985
0.427427
0.382818
0.742035
0.63796
0.653173
0.858554
0.0866281
0.0616035
0.0721744
0.173184
0.0343769
0.00960787
0.0168128
0.0313374
0.109654
0.0439245
0.100593
0.0386215
0.173293
0.05573
0.0648644
0.0784987
0.628765
0.480873
0.667081
0.479504
0.278662
0.094528
0.263658
0.195653
0.483025
0.484077
0.348067
0.329431
0.277541
0.195631
0.262924
0.0848112
0.862707
0.639786
0.65554
0.739514
0.354773
0.107399
0.117659
0.128431
0.444432
0.383975
0.425263
0.144862
0.476855
0.1418
0.156257
0.158289
0.158289
0.1418
0.156257
0.476855
0.128431
0.107399
0.117658
0.354773
0.444431
0.144862
0.425263
0.383975
0.739514
0.639786
0.65554
0.862707
0.0784987
0.0557299
0.0648643
0.173293
0.0313373
0.0096078
0.0168127
0.0343769
0.109654
0.0386214
0.100593
0.0439244
0.173184
0.0616035
0.0721744
0.0866281
0.628765
0.479504
0.667081
0.480873
0.277541
0.0848111
0.262924
0.195631
0.484077
0.483025
0.348067
0.329431
0.278662
0.195653
0.263658
0.094528
0.858554
0.63796
0.653173
0.742035
0.354639
0.118504
0.128341
0.141415
0.447372
0.382818
0.427427
0.157985
0.479057
0.15604
0.170805
0.172928
runtime for 65 iterations (until convergence, meaning energy change <0.0001, or reaching threshold of 500): 0.0288668 s
of that runtime,  0.165244 s were needed for the first iteration (including factorization of system)
mesh has 145 vertices and 256 faces
